results for varphi 3:
{'True Indices': [9, 10, 11, 12, 13, 14, 15, 16, 17, 18, 19, 20, 21, 22, 31, 32, 33, 34, 35, 36, 37, 38, 39, 40, 41, 42, 43, 44, 45, 46, 47, 48, 49, 50, 51, 52, 53, 54, 55, 56, 57, 58, 59, 60, 61, 62, 63, 64, 65, 66, 67, 68, 69, 70, 71, 72, 73, 74, 75, 76, 77, 78, 79, 80], 'False Indices': [0, 1, 2, 3, 4, 5, 6, 7, 8, 23, 24, 25, 26, 27, 28, 29, 30], 'Number of True': 64, 'Number of False': 17}
average time for varphi 3 (ms): 0.029793827662267434

results for varphi 4:
{'True Indices': [0, 1, 2, 3, 4, 5, 6, 7, 8, 9, 10, 11, 12, 13, 14, 15, 16, 17, 18, 19, 20, 21, 22, 23, 24, 25, 26, 27, 28, 29, 30, 31, 32, 33, 34, 35, 36, 37, 38, 51, 52, 53, 54, 55, 56, 57, 58, 59, 60, 61, 62, 63, 64, 65, 66, 67, 68, 69, 70, 71, 72], 'False Indices': [39, 40, 41, 42, 43, 44, 45, 46, 47, 48, 49, 50, 73, 74, 75, 76, 77, 78, 79, 80], 'Number of True': 61, 'Number of False': 20}
average time for varphi 4 (ms): 0.03491975255684214

results for phi 3:
{'True Indices': [], 'False Indices': [0, 1, 2, 3, 4, 5, 6, 7, 8, 9, 10, 11, 12, 13, 14, 15, 16, 17, 18, 19, 20, 21, 22, 23, 24, 25, 26, 27, 28, 29, 30, 31, 32, 33, 34, 35, 36, 37, 38, 39, 40, 41, 42, 43, 44, 45, 46, 47, 48, 49, 50, 51, 52, 53, 54, 55, 56, 57, 58, 59, 60, 61, 62, 63, 64, 65, 66, 67, 68, 69, 70, 71, 72, 73, 74, 75, 76, 77, 78, 79, 80], 'Number of True': 0, 'Number of False': 81}
average time for phi 3 (ms): 2.326192593533994

results for phi 4:
{'True Indices': [14, 15, 16, 17, 18, 19, 20, 21, 32, 58, 59, 60, 61, 62, 63, 64, 65], 'False Indices': [0, 1, 2, 3, 4, 5, 6, 7, 8, 9, 10, 11, 12, 13, 22, 23, 24, 25, 26, 27, 28, 29, 30, 31, 33, 34, 35, 36, 37, 38, 39, 40, 41, 42, 43, 44, 45, 46, 47, 48, 49, 50, 51, 52, 53, 54, 55, 56, 57, 66, 67, 68, 69, 70, 71, 72, 73, 74, 75, 76, 77, 78, 79, 80], 'Number of True': 17, 'Number of False': 64}
average time for phi 4 (ms): 0.2158975311667072

